511
242
20
143
34
167
484
279
501
318
90
218
325
362
44
372
311
342
4
305
390
428
503
183
389
114
374
155
126
22
259
11
263
6
475
71
432
289
134
38
427
496
505
72
108
464
383
32
331
99
26
122
398
244
118
76
433
236
220
373
175
82
300
319
488
330
508
48
223
417
209
509
445
182
308
257
462
176
192
14
323
348
322
170
442
255
156
138
19
408
80
52
240
124
274
225
343
100
401
371
460
237
404
151
303
287
328
510
193
438
246
79
27
106
395
492
292
452
24
367
320
393
469
368
97
276
277
89
459
164
18
23
201
2
148
204
7
296
68
385
361
441
206
307
117
396
251
101
399
397
394
160
298
476
119
316
382
483
387
109
63
227
186
265
190
88
188
74
261
444
195
169
440
168
482
366
453
504
61
43
231
356
127
258
46
283
65
465
502
422
245
35
57
285
494
136
73
93
16
480
358
105
232
8
499
478
434
359
256
458
493
219
340
60
86
174
364
29
5
326
137
229
302
154
254
194
392
403
314
352
486
54
47
485
221
84
293
147
64
467
208
288
386
9
144
351
339
33
55
103
107
349
262
411
241
384
418
378
466
133
315
205
125
243
429
414
224
425
451
365
423
455
187
212
173
380
500
185
157
165
284
252
116
443
21
12
463
317
42
456
439
329
150
421
129
161
355
334
189
112
179
324
406
56
207
301
338
341
415
180
172
336
166
400
344
78
87
294
370
295
228
216
449
420
450
191
211
202
253
477
70
498
104
377
479
272
491
375
260
248
280
447
141
59
347
41
13
96
270
407
233
436
45
39
17
381
111
405
448
275
363
85
267
235
332
66
69
162
110
239
419
264
360
369
379
345
171
454
40
53
77
506
490
306
273
132
412
297
37
115
178
471
337
461
281
312
30
67
28
128
473
196
350
426
3
226
353
159
266
286
184
410
98
299
268
51
49
495
335
121
481
213
468
215
153
304
102
210
409
146
158
238
92
489
435
430
376
214
269
10
413
83
437
91
357
497
309
199
95
135
58
511
149
354
470
31
222
113
131
198
457
1
271
391
197
346
75
217
249
321
130
446
203
152
313
62
94
234
291
230
50
247
290
333
177
402
416
431
388
278
474
81
139
507
140
145
25
310
163
250
327
424
120
200
282
142
36
181
472
15
123
487
